0 0
1   1  5030.8  0.09497 0.  333.2  1.56250 0.  100  6 +9.658744e-01 +1.305342e+00 -7.294351e+00 +5.360419e+00 0.045 0.314 0 0 0 0 0  5 1.420e-06  3.000e-17  0 0 0
1   2  5033.3  0.09497 0.  335.4  1.56250 0.  100  6 +8.229625e-01 -2.167845e-01 +9.060209e+00 -1.149541e+01 0.045 0.314 0 0 0 0 0  5 1.440e-06  0.000e+00  0 0 0
1   3  5051.3  0.09497 0.  335.6  1.56250 0.  100  6 +8.550681e-01 +7.320653e-02 +6.182814e+00 -1.056776e+01 0.045 0.314 0 0 0 0 0  5 1.310e-06  8.900e-15  0 0 0
1   4  5033.3  0.09497 0.  334.5  1.56250 0.  100  6 +1.162336e+00 -1.582093e+00 +7.041959e+00 -1.894428e+01 0.045 0.314 0 0 0 0 0  5 1.270e-06  0.000e+00  0 0 0
1   5  5042.9  0.09497 0.  335.0  1.56250 0.  100  6 +1.157158e+00 -4.436677e-01 -4.367633e+00 +1.002937e+01 0.045 0.314 0 0 0 0 0  5 1.470e-06  0.000e+00  0 0 0
1   6  5033.3  0.09497 0.  333.9  1.56250 0.  100  6 +1.168120e+00 -1.771422e+00 +7.686749e+00 -1.751132e+01 0.045 0.314 0 0 0 0 0  5 1.350e-06  0.000e+00  0 0 0
1   7  5033.3  0.09497 0.  334.9  1.56250 0.  100  6 +8.779172e-01 -1.393591e+00 +1.623716e+01 -2.432051e+01 0.045 0.314 0 0 0 0 0  5 1.470e-06  0.000e+00  0 0 0
1   8  5033.3  0.09497 0.  332.5  1.56250 0.  100  6 +1.117887e+00 -8.635618e-01 +2.598009e+00 -8.709967e+00 0.045 0.314 0 0 0 0 0  5 1.500e-06  0.000e+00  0 0 0
1   9  5033.3  0.09497 0.  333.7  1.56250 0.  100  6 +1.225186e+00 -1.784569e+00 +4.632650e+00 -1.031473e+01 0.045 0.314 0 0 0 0 0  5 1.700e-06  0.000e+00  0 0 0
1  10  5055.5  0.09497 0.  334.3  1.56250 0.  100  6 +5.267181e-01 +2.142913e+00 +1.515432e+00 +9.989571e+00 0.045 0.314 0 0 0 0 0  5 1.260e-06  0.000e+00  0 0 0
1  11  5033.3  0.09497 0.  332.5  1.56250 0.  100  6 +8.691309e-01 +5.637915e-02 +6.844329e+00 -1.645064e+01 0.045 0.314 0 0 0 0 0  5 1.120e-06  0.000e+00  0 0 0
1  12  5033.3  0.09497 0.  332.0  1.56250 0.  100  6 +9.170284e-01 +3.602235e+00 -2.568723e+01 +4.452878e+01 0.045 0.314 0 0 0 0 0  5 1.300e-06  0.000e+00  0 0 0
1  13  5079.1  0.09497 0.  334.4  1.56250 0.  100  6 +1.100667e+00 +1.061478e-01 -5.470813e+00 +8.926213e+00 0.045 0.314 0 0 0 0 0  5 1.340e-06  0.000e+00  0 0 0
1  14  5096.5  0.09497 0.  334.7  1.56250 0.  100  6 +1.222186e+00 -2.264790e+00 +8.881788e+00 -1.833142e+01 0.045 0.314 0 0 0 0 0  5 1.330e-06  0.000e+00  0 0 0
1  15  5095.5  0.09497 0.  335.3  1.56250 0.  100  6 +8.920580e-01 +9.022688e-01 -1.558914e+00 -3.848952e-01 0.045 0.314 0 0 0 0 0  5 1.050e-06  0.000e+00  0 0 0
1  16  5100.0  0.09497 0.  336.0  1.56250 0.  100  6 +1.171411e+00 -2.631769e+00 +1.456366e+01 -2.928870e+01 0.045 0.314 0 0 0 0 0  5 1.560e-06  0.000e+00  0 0 0
1  17  5033.3  0.09497 0.  334.5  1.56250 0.  100  6 +1.164489e+00 -8.278123e-01 +3.458140e-02 -3.961566e+00 0.045 0.314 0 0 0 0 0  5 1.610e-06  0.000e+00  0 0 0
1  18  5033.3  0.09497 0.  334.5  1.56250 0.  100  6 +8.424159e-01 +1.933344e+00 -9.737474e+00 +2.196381e+01 0.045 0.314 0 0 0 0 0  5 1.270e-06  0.000e+00  0 0 0
1  19  5100.0  0.09497 0.  335.7  1.56250 0.  100  6 +1.139748e+00 -3.449865e-01 -2.875822e+00 +1.517205e+00 0.045 0.314 0 0 0 0 0  5 1.580e-06  0.000e+00  0 0 0
1  20  5100.0  0.09497 0.  336.2  1.56250 0.  100  6 +1.207179e+00 -2.149183e+00 +9.108188e+00 -2.060099e+01 0.045 0.314 0 0 0 0 0  5 1.480e-06  0.000e+00  0 0 0
1  21  5033.3  0.09497 0.  333.9  1.56250 0.  100  6 +7.804848e-01 -8.421659e-02 +1.160526e+01 -2.243975e+01 0.045 0.314 0 0 0 0 0  5 1.300e-06  0.000e+00  0 0 0
1  22  5074.5  0.09497 0.  334.4  1.56250 0.  100  6 +1.120225e+00 -8.217792e-01 +2.124320e+00 -7.807181e+00 0.045 0.314 0 0 0 0 0  5 1.490e-06  0.000e+00  0 0 0
1  23  5041.3  0.09497 0.  334.1  1.56250 0.  100  6 +1.147491e+00 -5.774028e-01 -1.231235e+00 -1.732333e+00 0.045 0.314 0 0 0 0 0  5 1.520e-06  0.000e+00  0 0 0
1  24  5079.3  0.09497 0.  334.7  1.56250 0.  100  6 +1.194562e+00 -7.716437e+00 +5.410002e+01 -9.324994e+01 0.045 0.314 0 0 0 0 0  5 1.230e-06  0.000e+00  0 0 0
1  25  5041.0  0.09497 0.  333.5  1.56250 0.  100  6 +1.144326e+00 -5.378166e-01 -1.272246e+00 -2.201512e+00 0.045 0.314 0 0 0 0 0  5 1.430e-06  0.000e+00  0 0 0
1  26  5100.0  0.09497 0.  334.3  1.56250 0.  100  6 +1.213470e+00 -1.674624e+00 +3.605355e+00 -5.834338e+00 0.045 0.314 0 0 0 0 0  5 1.470e-06  0.000e+00  0 0 0
1  27  5100.0  0.09497 0.  334.5  1.56250 0.  100  6 +1.195769e+00 -2.007788e+00 +8.586217e+00 -2.010594e+01 0.045 0.314 0 0 0 0 0  5 1.400e-06  0.000e+00  0 0 0
1  28  5100.0  0.09497 0.  334.1  1.56250 0.  100  6 +7.926846e-01 -3.079355e-01 +1.052505e+01 -1.120103e+01 0.045 0.314 0 0 0 0 0  5 1.470e-06  0.000e+00  0 0 0
1  29  5096.7  0.09497 0.  334.0  1.56250 0.  100  6 +1.156917e+00 -2.591123e+00 +1.459560e+01 -2.807969e+01 0.045 0.314 0 0 0 0 0  5 1.490e-06  0.000e+00  0 0 0
1  30  5033.3  0.09497 0.  332.4  1.56250 0.  100  6 +1.221146e+00 -8.758072e-01 -2.396601e+00 +8.870266e-01 0.045 0.314 0 0 0 0 0  5 1.390e-06  0.000e+00  0 0 0
1  31  5080.8  0.09497 0.  333.6  1.56250 0.  100  6 +1.179905e+00 -1.634500e+00 +6.401841e+00 -1.686090e+01 0.045 0.314 0 0 0 0 0  5 1.400e-06  0.000e+00  0 0 0
1  32  5033.3  0.09497 0.  332.9  1.56250 0.  100  6 +1.425091e+00 -4.862830e+00 +1.887177e+01 -2.844575e+01 0.045 0.314 0 0 0 0 0  5 1.130e-06  0.000e+00  0 0 0
1  33  5033.3  0.09497 0.  334.3  1.56250 0.  100  6 +1.172316e+00 -1.452570e+00 +5.140678e+00 -1.417987e+01 0.045 0.314 0 0 0 0 0  5 1.430e-06  0.000e+00  0 0 0
1  34  5033.3  0.09497 0.  335.7  1.56250 0.  100  6 +6.862626e-01 +4.209627e+00 -1.857401e+01 +2.723850e+01 0.045 0.314 0 0 0 0 0  5 1.210e-06  0.000e+00  0 0 0
1  35  5033.3  0.09497 0.  333.9  1.56250 0.  100  6 +9.035924e-01 -1.697575e+00 +1.633755e+01 -1.974578e+01 0.045 0.314 0 0 0 0 0  5 8.490e-07  0.000e+00  0 0 0
1  36  5051.6  0.09497 0.  335.1  1.56250 0.  100  6 +9.355841e-01 -1.683357e+00 +1.633660e+01 -2.622442e+01 0.045 0.314 0 0 0 0 0  5 1.300e-06  0.000e+00  0 0 0
1  37  5087.5  0.09497 0.  335.4  1.56250 0.  100  6 +9.943648e-01 +1.787851e+00 -1.348860e+01 +1.965222e+01 0.045 0.314 0 0 0 0 0  5 1.130e-06  0.000e+00  0 0 0
1  38  5033.3  0.09497 0.  333.7  1.56250 0.  100  6 +1.106404e+00 +1.751566e-01 -5.918257e+00 +8.145494e+00 0.045 0.314 0 0 0 0 0  5 1.020e-06  0.000e+00  0 0 0
1  39  5033.3  0.09497 0.  334.6  1.56250 0.  100  6 +1.099571e+00 -8.271562e-02 -2.382392e+00 -2.362981e+00 0.045 0.314 0 0 0 0 0  5 1.270e-06  0.000e+00  0 0 0
1  40  5033.3  0.09497 0.  334.2  1.56250 0.  100  6 +1.179345e+00 -1.166252e+00 +1.243248e+00 -2.570590e+00 0.045 0.314 0 0 0 0 0  5 1.250e-06  0.000e+00  0 0 0
1  41  5072.3  0.09497 0.  334.0  1.56250 0.  100  6 +8.976351e-01 -1.855324e+00 +1.794829e+01 -2.267556e+01 0.045 0.314 0 0 0 0 0  5 1.150e-06  0.000e+00  0 0 0
1  42  5033.3  0.09497 0.  333.6  1.56250 0.  100  6 +1.139864e+00 -1.370939e+00 +6.114565e+00 -1.633576e+01 0.045 0.314 0 0 0 0 0  5 1.190e-06  0.000e+00  0 0 0
1  43  5100.0  0.09497 0.  334.4  1.56250 0.  100  6 +1.066599e+00 +7.692823e-01 -7.943554e+00 +7.732452e+00 0.045 0.314 0 0 0 0 0  5 1.110e-06  0.000e+00  0 0 0
1  44  5069.3  0.09497 0.  333.9  1.56250 0.  100  6 +1.138349e+00 -1.461244e+00 +6.712192e+00 -1.651046e+01 0.045 0.314 0 0 0 0 0  5 1.150e-06  0.000e+00  0 0 0
1  45  5033.3  0.09497 0.  333.0  1.56250 0.  100  6 +1.143171e+00 -2.109942e+00 +1.155828e+01 -2.388788e+01 0.045 0.314 0 0 0 0 0  5 1.280e-06  0.000e+00  0 0 0
1  46  5065.5  0.09497 0.  333.8  1.56250 0.  100  6 +1.188012e+00 -1.592490e+00 +4.458020e+00 -8.627637e+00 0.045 0.314 0 0 0 0 0  5 1.140e-06  0.000e+00  0 0 0
1  47  5072.7  0.09497 0.  333.9  1.56250 0.  100  6 +8.706290e-01 -5.176765e-01 +8.952474e+00 -9.966063e+00 0.045 0.314 0 0 0 0 0  5 1.110e-06  0.000e+00  0 0 0
1  48  5033.6  0.09497 0.  333.6  1.56250 0.  100  6 +1.156601e+00 -1.597721e+00 +6.374495e+00 -1.352825e+01 0.045 0.314 0 0 0 0 0  5 1.300e-06  0.000e+00  0 0 0
2   1  0.0000  0.09497 0.  0.000  1.56250 0.  100  6 +1.000000e+00  0.000000e+00  0.000000e+00  0.000000e+00 0.045 0.314 0 0 0 0 0  5 1.000e+00  0.000e+00  0 0 0
2   2  0.0000  0.09497 0.  0.000  1.56250 0.  100  6 +1.000000e+00  0.000000e+00  0.000000e+00  0.000000e+00 0.045 0.314 0 0 0 0 0  5 1.000e+00  0.000e+00  0 0 0
2   3  0.0000  0.09497 0.  0.000  1.56250 0.  100  6 +1.000000e+00  0.000000e+00  0.000000e+00  0.000000e+00 0.045 0.314 0 0 0 0 0  5 1.000e+00  0.000e+00  0 0 0
2   4  0.0000  0.09497 0.  0.000  1.56250 0.  100  6 +1.000000e+00  0.000000e+00  0.000000e+00  0.000000e+00 0.045 0.314 0 0 0 0 0  5 1.000e+00  0.000e+00  0 0 0
2   5  0.0000  0.09497 0.  0.000  1.56250 0.  100  6 +1.000000e+00  0.000000e+00  0.000000e+00  0.000000e+00 0.045 0.314 0 0 0 0 0  5 1.000e+00  0.000e+00  0 0 0
2   6  0.0000  0.09497 0.  0.000  1.56250 0.  100  6 +1.000000e+00  0.000000e+00  0.000000e+00  0.000000e+00 0.045 0.314 0 0 0 0 0  5 1.000e+00  0.000e+00  0 0 0
2   7  0.0000  0.09497 0.  0.000  1.56250 0.  100  6 +1.000000e+00  0.000000e+00  0.000000e+00  0.000000e+00 0.045 0.314 0 0 0 0 0  5 1.000e+00  0.000e+00  0 0 0
2   8  0.0000  0.09497 0.  0.000  1.56250 0.  100  6 +1.000000e+00  0.000000e+00  0.000000e+00  0.000000e+00 0.045 0.314 0 0 0 0 0  5 1.000e+00  0.000e+00  0 0 0
2   9  0.0000  0.09497 0.  0.000  1.56250 0.  100  6 +1.000000e+00  0.000000e+00  0.000000e+00  0.000000e+00 0.045 0.314 0 0 0 0 0  5 1.000e+00  0.000e+00  0 0 0
2  10  0.0000  0.09497 0.  0.000  1.56250 0.  100  6 +1.000000e+00  0.000000e+00  0.000000e+00  0.000000e+00 0.045 0.314 0 0 0 0 0  5 1.000e+00  0.000e+00  0 0 0
2  11  0.0000  0.09497 0.  0.000  1.56250 0.  100  6 +1.000000e+00  0.000000e+00  0.000000e+00  0.000000e+00 0.045 0.314 0 0 0 0 0  5 1.000e+00  0.000e+00  0 0 0
2  12  0.0000  0.09497 0.  0.000  1.56250 0.  100  6 +1.000000e+00  0.000000e+00  0.000000e+00  0.000000e+00 0.045 0.314 0 0 0 0 0  5 1.000e+00  0.000e+00  0 0 0
2  13  0.0000  0.09497 0.  0.000  1.56250 0.  100  6 +1.000000e+00  0.000000e+00  0.000000e+00  0.000000e+00 0.045 0.314 0 0 0 0 0  5 1.000e+00  0.000e+00  0 0 0
2  14  0.0000  0.09497 0.  0.000  1.56250 0.  100  6 +1.000000e+00  0.000000e+00  0.000000e+00  0.000000e+00 0.045 0.314 0 0 0 0 0  5 1.000e+00  0.000e+00  0 0 0
2  15  0.0000  0.09497 0.  0.000  1.56250 0.  100  6 +1.000000e+00  0.000000e+00  0.000000e+00  0.000000e+00 0.045 0.314 0 0 0 0 0  5 1.000e+00  0.000e+00  0 0 0
2  16  0.0000  0.09497 0.  0.000  1.56250 0.  100  6 +1.000000e+00  0.000000e+00  0.000000e+00  0.000000e+00 0.045 0.314 0 0 0 0 0  5 1.000e+00  0.000e+00  0 0 0
2  17  0.0000  0.09497 0.  0.000  1.56250 0.  100  6 +1.000000e+00  0.000000e+00  0.000000e+00  0.000000e+00 0.045 0.314 0 0 0 0 0  5 1.000e+00  0.000e+00  0 0 0
2  18  0.0000  0.09497 0.  0.000  1.56250 0.  100  6 +1.000000e+00  0.000000e+00  0.000000e+00  0.000000e+00 0.045 0.314 0 0 0 0 0  5 1.000e+00  0.000e+00  0 0 0
2  19  0.0000  0.09497 0.  0.000  1.56250 0.  100  6 +1.000000e+00  0.000000e+00  0.000000e+00  0.000000e+00 0.045 0.314 0 0 0 0 0  5 1.000e+00  0.000e+00  0 0 0
2  20  0.0000  0.09497 0.  0.000  1.56250 0.  100  6 +1.000000e+00  0.000000e+00  0.000000e+00  0.000000e+00 0.045 0.314 0 0 0 0 0  5 1.000e+00  0.000e+00  0 0 0
2  21  0.0000  0.09497 0.  0.000  1.56250 0.  100  6 +1.000000e+00  0.000000e+00  0.000000e+00  0.000000e+00 0.045 0.314 0 0 0 0 0  5 1.000e+00  0.000e+00  0 0 0
2  22  0.0000  0.09497 0.  0.000  1.56250 0.  100  6 +1.000000e+00  0.000000e+00  0.000000e+00  0.000000e+00 0.045 0.314 0 0 0 0 0  5 1.000e+00  0.000e+00  0 0 0
2  23  0.0000  0.09497 0.  0.000  1.56250 0.  100  6 +1.000000e+00  0.000000e+00  0.000000e+00  0.000000e+00 0.045 0.314 0 0 0 0 0  5 1.000e+00  0.000e+00  0 0 0
2  24  0.0000  0.09497 0.  0.000  1.56250 0.  100  6 +1.000000e+00  0.000000e+00  0.000000e+00  0.000000e+00 0.045 0.314 0 0 0 0 0  5 1.000e+00  0.000e+00  0 0 0
3   1  0.0000  0.09497 0.  0.000  1.56250 0.  100  6 +1.000000e+00  0.000000e+00  0.000000e+00  0.000000e+00 0.045 0.314 0 0 0 0 0  5 1.000e+00  0.000e+00  0 0 0
3   2  0.0000  0.09497 0.  0.000  1.56250 0.  100  6 +1.000000e+00  0.000000e+00  0.000000e+00  0.000000e+00 0.045 0.314 0 0 0 0 0  5 1.000e+00  0.000e+00  0 0 0
3   3  0.0000  0.09497 0.  0.000  1.56250 0.  100  6 +1.000000e+00  0.000000e+00  0.000000e+00  0.000000e+00 0.045 0.314 0 0 0 0 0  5 1.000e+00  0.000e+00  0 0 0
3   4  0.0000  0.09497 0.  0.000  1.56250 0.  100  6 +1.000000e+00  0.000000e+00  0.000000e+00  0.000000e+00 0.045 0.314 0 0 0 0 0  5 1.000e+00  0.000e+00  0 0 0
3   5  0.0000  0.09497 0.  0.000  1.56250 0.  100  6 +1.000000e+00  0.000000e+00  0.000000e+00  0.000000e+00 0.045 0.314 0 0 0 0 0  5 1.000e+00  0.000e+00  0 0 0
3   6  0.0000  0.09497 0.  0.000  1.56250 0.  100  6 +1.000000e+00  0.000000e+00  0.000000e+00  0.000000e+00 0.045 0.314 0 0 0 0 0  5 1.000e+00  0.000e+00  0 0 0
3   7  0.0000  0.09497 0.  0.000  1.56250 0.  100  6 +1.000000e+00  0.000000e+00  0.000000e+00  0.000000e+00 0.045 0.314 0 0 0 0 0  5 1.000e+00  0.000e+00  0 0 0
3   8  0.0000  0.09497 0.  0.000  1.56250 0.  100  6 +1.000000e+00  0.000000e+00  0.000000e+00  0.000000e+00 0.045 0.314 0 0 0 0 0  5 1.000e+00  0.000e+00  0 0 0
3   9  0.0000  0.09497 0.  0.000  1.56250 0.  100  6 +1.000000e+00  0.000000e+00  0.000000e+00  0.000000e+00 0.045 0.314 0 0 0 0 0  5 1.000e+00  0.000e+00  0 0 0
3  10  0.0000  0.09497 0.  0.000  1.56250 0.  100  6 +1.000000e+00  0.000000e+00  0.000000e+00  0.000000e+00 0.045 0.314 0 0 0 0 0  5 1.000e+00  0.000e+00  0 0 0
3  11  0.0000  0.09497 0.  0.000  1.56250 0.  100  6 +1.000000e+00  0.000000e+00  0.000000e+00  0.000000e+00 0.045 0.314 0 0 0 0 0  5 1.000e+00  0.000e+00  0 0 0
3  12  0.0000  0.09497 0.  0.000  1.56250 0.  100  6 +1.000000e+00  0.000000e+00  0.000000e+00  0.000000e+00 0.045 0.314 0 0 0 0 0  5 1.000e+00  0.000e+00  0 0 0
3  13  0.0000  0.09497 0.  0.000  1.56250 0.  100  6 +1.000000e+00  0.000000e+00  0.000000e+00  0.000000e+00 0.045 0.314 0 0 0 0 0  5 1.000e+00  0.000e+00  0 0 0
3  14  0.0000  0.09497 0.  0.000  1.56250 0.  100  6 +1.000000e+00  0.000000e+00  0.000000e+00  0.000000e+00 0.045 0.314 0 0 0 0 0  5 1.000e+00  0.000e+00  0 0 0
3  15  0.0000  0.09497 0.  0.000  1.56250 0.  100  6 +1.000000e+00  0.000000e+00  0.000000e+00  0.000000e+00 0.045 0.314 0 0 0 0 0  5 1.000e+00  0.000e+00  0 0 0
3  16  0.0000  0.09497 0.  0.000  1.56250 0.  100  6 +1.000000e+00  0.000000e+00  0.000000e+00  0.000000e+00 0.045 0.314 0 0 0 0 0  5 1.000e+00  0.000e+00  0 0 0
3  17  0.0000  0.09497 0.  0.000  1.56250 0.  100  6 +1.000000e+00  0.000000e+00  0.000000e+00  0.000000e+00 0.045 0.314 0 0 0 0 0  5 1.000e+00  0.000e+00  0 0 0
3  18  0.0000  0.09497 0.  0.000  1.56250 0.  100  6 +1.000000e+00  0.000000e+00  0.000000e+00  0.000000e+00 0.045 0.314 0 0 0 0 0  5 1.000e+00  0.000e+00  0 0 0
3  19  0.0000  0.09497 0.  0.000  1.56250 0.  100  6 +1.000000e+00  0.000000e+00  0.000000e+00  0.000000e+00 0.045 0.314 0 0 0 0 0  5 1.000e+00  0.000e+00  0 0 0
3  20  0.0000  0.09497 0.  0.000  1.56250 0.  100  6 +1.000000e+00  0.000000e+00  0.000000e+00  0.000000e+00 0.045 0.314 0 0 0 0 0  5 1.000e+00  0.000e+00  0 0 0
3  21  0.0000  0.09497 0.  0.000  1.56250 0.  100  6 +1.000000e+00  0.000000e+00  0.000000e+00  0.000000e+00 0.045 0.314 0 0 0 0 0  5 1.000e+00  0.000e+00  0 0 0
3  22  0.0000  0.09497 0.  0.000  1.56250 0.  100  6 +1.000000e+00  0.000000e+00  0.000000e+00  0.000000e+00 0.045 0.314 0 0 0 0 0  5 1.000e+00  0.000e+00  0 0 0
3  23  0.0000  0.09497 0.  0.000  1.56250 0.  100  6 +1.000000e+00  0.000000e+00  0.000000e+00  0.000000e+00 0.045 0.314 0 0 0 0 0  5 1.000e+00  0.000e+00  0 0 0
3  24  0.0000  0.09497 0.  0.000  1.56250 0.  100  6 +1.000000e+00  0.000000e+00  0.000000e+00  0.000000e+00 0.045 0.314 0 0 0 0 0  5 1.000e+00  0.000e+00  0 0 0
