0 0
1   1  4902.2  0.09497 0.  321.1  1.56250 0.  100  6 +8.273358e-01 +2.144716e+00 -1.248386e+01 +3.359694e+01 0.045 0.314 0 0 0 0 0  5 2.160e-05  1.000e-11  0 0 0
1   2  4895.2  0.09497 0.  320.1  1.56250 0.  100  6 +6.019883e-01 +4.824745e+00 -2.439033e+01 +5.622166e+01 0.045 0.314 0 0 0 0 0  5 2.080e-05  1.820e-10  0 0 0
1   3  4870.7  0.09497 0.  318.8  1.56250 0.  100  6 +7.846815e-01 +1.099620e+00 -3.400493e+00 +2.388445e+01 0.045 0.314 0 0 0 0 0  5 2.170e-05  3.910e-11  0 0 0
1   4  4900.2  0.09497 0.  320.9  1.56250 0.  100  6 +7.223123e-01 +1.528507e+00 -5.633550e+00 +3.433048e+01 0.045 0.314 0 0 0 0 0  5 1.830e-05  3.700e-11  0 0 0
1   5  4886.5  0.09497 0.  319.3  1.56250 0.  100  6 +7.973592e-01 +8.274512e-01 -2.423346e+00 +2.483602e+01 0.045 0.314 0 0 0 0 0  5 2.020e-05  4.300e-12  0 0 0
1   6  4900.4  0.09497 0.  319.6  1.56250 0.  100  6 +6.859553e-01 +2.441834e+00 -9.601909e+00 +3.392318e+01 0.045 0.314 0 0 0 0 0  5 2.050e-05  1.000e-14  0 0 0
1   7  4914.8  0.09497 0.  321.1  1.56250 0.  100  6 +7.706126e-01 +1.743125e+00 -8.901742e+00 +3.692548e+01 0.045 0.314 0 0 0 0 0  5 2.010e-05  1.000e-14  0 0 0
1   8  4927.1  0.09497 0.  321.4  1.56250 0.  100  6 +7.503388e-01 +2.030588e+00 -1.052182e+01 +4.058432e+01 0.045 0.314 0 0 0 0 0  5 1.890e-05  1.340e-11  0 0 0
1   9  4907.3  0.09497 0.  319.9  1.56250 0.  100  6 +7.603404e-01 +2.747342e+00 -1.527131e+01 +4.238604e+01 0.045 0.314 0 0 0 0 0  5 1.800e-05  9.900e-15  0 0 0
1  10  4844.3  0.09497 0.  316.9  1.56250 0.  100  6 +7.474223e-01 +1.705190e+00 -7.774818e+00 +3.607591e+01 0.045 0.314 0 0 0 0 0  5 1.890e-05  1.110e-11  0 0 0
1  11  4844.6  0.09497 0.  315.8  1.56250 0.  100  6 +7.244475e-01 +2.859004e+00 -1.625344e+01 +5.109871e+01 0.045 0.314 0 0 0 0 0  5 2.280e-05  9.900e-15  0 0 0
1  12  4853.7  0.09497 0.  316.0  1.56250 0.  100  6 +7.772204e-01 +1.821231e+00 -9.202909e+00 +3.484412e+01 0.045 0.314 0 0 0 0 0  5 2.090e-05  1.360e-12  0 0 0
1  13  4864.7  0.09497 0.  316.8  1.56250 0.  100  6 +7.350643e-01 +2.050201e+00 -1.078157e+01 +4.430173e+01 0.045 0.314 0 0 0 0 0  5 2.220e-05  8.960e-11  0 0 0
1  14  4842.4  0.09497 0.  315.9  1.56250 0.  100  6 +7.828797e-01 +1.690438e+00 -8.768154e+00 +3.558239e+01 0.045 0.314 0 0 0 0 0  5 2.100e-05  8.970e-11  0 0 0
1  15  4839.8  0.09497 0.  315.7  1.56250 0.  100  6 +7.996908e-01 +1.353007e+00 -5.939526e+00 +2.729072e+01 0.045 0.314 0 0 0 0 0  5 2.130e-05  5.190e-11  0 0 0
1  16  4937.5  0.09497 0.  322.5  1.56250 0.  100  6 +8.640602e-01 +4.672493e-01 -2.014030e+00 +2.176970e+01 0.045 0.314 0 0 0 0 0  5 2.030e-05  9.950e-15  0 0 0
1  17  4837.5  0.09497 0.  318.2  1.56250 0.  100  6 +8.573280e-01 +1.483117e+00 -9.463618e+00 +3.236998e+01 0.045 0.314 0 0 0 0 0  5 2.060e-05  9.800e-15  0 0 0
1  18  4801.7  0.09497 0.  316.7  1.56250 0.  100  6 +8.608241e-01 +8.803034e-01 -3.603683e+00 +1.792665e+01 0.045 0.314 0 0 0 0 0  5 2.420e-05  9.800e-15  0 0 0
1  19  4810.7  0.09497 0.  316.1  1.56250 0.  100  6 +8.579463e-01 +1.176537e+00 -5.391855e+00 +1.898863e+01 0.045 0.314 0 0 0 0 0  5 2.200e-05  3.710e-11  0 0 0
1  20  4863.0  0.09497 0.  318.6  1.56250 0.  100  6 +8.589568e-01 +1.151385e+00 -5.025083e+00 +1.752280e+01 0.045 0.314 0 0 0 0 0  5 2.140e-05  4.300e-11  0 0 0
1  21  4848.0  0.09497 0.  317.1  1.56250 0.  100  6 +8.840882e-01 -3.077820e-02 -2.063266e-02 +2.293056e+01 0.045 0.314 0 0 0 0 0  5 2.460e-05  5.150e-11  0 0 0
1  22  4879.1  0.09497 0.  319.4  1.56250 0.  100  6 +8.641639e-01 +1.674148e+00 -1.008132e+01 +2.835220e+01 0.045 0.314 0 0 0 0 0  5 2.050e-05  1.090e-10  0 0 0
1  23  4928.8  0.09497 0.  322.2  1.56250 0.  100  6 +7.721515e-01 +1.187080e+00 -5.522068e+00 +3.552583e+01 0.045 0.314 0 0 0 0 0  5 1.840e-05  3.630e-11  0 0 0
1  24  4870.5  0.09497 0.  318.3  1.56250 0.  100  6 +7.861878e-01 +1.851456e+00 -9.890491e+00 +3.610474e+01 0.045 0.314 0 0 0 0 0  5 2.310e-05  2.000e-10  0 0 0
2   1  5042.8  0.09497 0.  325.3  1.56250 0.  100  6 +7.294661e-01 +1.821884e+00 -5.488525e+00 +2.252299e+01 0.045 0.314 0 0 0 0 0  5 1.850e-05  3.040e-13  0 0 0
2   2  4970.4  0.09497 0.  321.1  1.56250 0.  100  6 +7.037107e-01 +3.003185e+00 -1.646449e+01 +5.147519e+01 0.045 0.314 0 0 0 0 0  5 2.130e-05  9.950e-15  0 0 0
2   3  4965.4  0.09497 0.  320.1  1.56250 0.  100  6 +7.443027e-01 +2.505365e+00 -1.352997e+01 +4.336906e+01 0.045 0.314 0 0 0 0 0  5 1.940e-05  8.810e-11  0 0 0
2   4  4976.1  0.09497 0.  321.5  1.56250 0.  100  6 +7.506279e-01 +1.727400e+00 -6.981185e+00 +3.019666e+01 0.045 0.314 0 0 0 0 0  5 2.060e-05  9.900e-15  0 0 0
2   5  5036.7  0.09497 0.  323.7  1.56250 0.  100  6 +7.266784e-01 +3.246153e+00 -1.950782e+01 +5.661595e+01 0.045 0.314 0 0 0 0 0  5 2.010e-05  4.210e-12  0 0 0
2   6  4972.5  0.09497 0.  319.7  1.56250 0.  100  6 +7.498768e-01 +7.963068e-01 +5.290194e-02 +2.060160e+01 0.045 0.314 0 0 0 0 0  5 1.730e-05  7.590e-11  0 0 0
2   7  4959.5  0.09497 0.  319.6  1.56250 0.  100  6 +7.126217e-01 +4.213861e+00 -2.634864e+01 +6.668694e+01 0.045 0.314 0 0 0 0 0  5 2.090e-05  8.790e-11  0 0 0
2   8  5041.6  0.09497 0.  324.5  1.56250 0.  100  6 +7.213125e-01 +2.742074e+00 -1.615351e+01 +5.495440e+01 0.045 0.314 0 0 0 0 0  5 1.950e-05  3.700e-12  0 0 0
2   9  4965.8  0.09497 0.  321.8  1.56250 0.  100  6 +7.548847e-01 +2.325631e+00 -1.347127e+01 +4.694270e+01 0.045 0.314 0 0 0 0 0  5 2.070e-05  1.630e-11  0 0 0
2  10  4957.6  0.09497 0.  321.4  1.56250 0.  100  6 +7.445822e-01 +3.018570e+00 -1.795918e+01 +5.184647e+01 0.045 0.314 0 0 0 0 0  5 1.960e-05  1.190e-11  0 0 0
2  11  4988.7  0.09497 0.  322.6  1.56250 0.  100  6 +7.459152e-01 +2.848637e+00 -1.697602e+01 +5.154121e+01 0.045 0.314 0 0 0 0 0  5 2.180e-05  3.710e-12  0 0 0
2  12  4936.5  0.09497 0.  319.2  1.56250 0.  100  6 +6.019908e-01 +4.976498e+00 -2.741819e+01 +6.858782e+01 0.045 0.314 0 0 0 0 0  5 1.950e-05  9.300e-12  0 0 0
2  13  4930.6  0.09497 0.  318.9  1.56250 0.  100  6 +7.340225e-01 +3.191647e+00 -1.949171e+01 +5.693164e+01 0.045 0.314 0 0 0 0 0  5 2.120e-05  1.390e-11  0 0 0
2  14  4950.0  0.09497 0.  319.5  1.56250 0.  100  6 +6.610540e-01 +4.104124e+00 -2.435051e+01 +6.854038e+01 0.045 0.314 0 0 0 0 0  5 1.850e-05  1.360e-10  0 0 0
2  15  4934.4  0.09497 0.  319.1  1.56250 0.  100  6 +7.161508e-01 +3.332004e+00 -1.869827e+01 +5.113940e+01 0.045 0.314 0 0 0 0 0  5 2.000e-05  2.030e-13  0 0 0
2  16  4941.6  0.09497 0.  319.6  1.56250 0.  100  6 +7.760687e-01 +4.145088e+00 -3.109324e+01 +8.419538e+01 0.045 0.314 0 0 0 0 0  5 1.940e-05  4.570e-11  0 0 0
2  17  4959.4  0.09497 0.  319.5  1.56250 0.  100  6 +8.394094e-01 +2.295090e+00 -1.581792e+01 +4.549232e+01 0.045 0.314 0 0 0 0 0  5 1.890e-05  3.420e-11  0 0 0
2  18  4979.6  0.09497 0.  321.7  1.56250 0.  100  6 +9.137895e-01 +1.367640e+00 -9.013490e+00 +2.296193e+01 0.045 0.314 0 0 0 0 0  5 2.160e-05  4.600e-11  0 0 0
2  19  4939.5  0.09497 0.  318.3  1.56250 0.  100  6 +8.928956e-01 +7.736190e-01 -7.008270e+00 +3.490338e+01 0.045 0.314 0 0 0 0 0  5 1.970e-05  1.150e-10  0 0 0
2  20  4945.9  0.09497 0.  318.4  1.56250 0.  100  6 +8.607165e-01 +1.692685e+00 -1.174931e+01 +3.794903e+01 0.045 0.314 0 0 0 0 0  5 2.130e-05  9.060e-11  0 0 0
2  21  4919.0  0.09497 0.  317.4  1.56250 0.  100  6 +8.266072e-01 +3.209205e+00 -2.455952e+01 +6.797731e+01 0.045 0.314 0 0 0 0 0  5 2.130e-05  9.900e-15  0 0 0
2  22  5043.4  0.09497 0.  324.3  1.56250 0.  100  6 +8.051115e-01 +1.044749e+00 -4.854935e+00 +3.017642e+01 0.045 0.314 0 0 0 0 0  5 2.240e-05  2.320e-10  0 0 0
2  23  4933.2  0.09497 0.  318.2  1.56250 0.  100  6 +7.564936e-01 +2.440730e+00 -1.299349e+01 +4.012414e+01 0.045 0.314 0 0 0 0 0  5 2.240e-05  9.130e-11  0 0 0
2  24  4967.2  0.09497 0.  319.4  1.56250 0.  100  6 +7.806947e-01 +1.784802e+00 -9.805388e+00 +3.883848e+01 0.045 0.314 0 0 0 0 0  5 2.110e-05  8.100e-11  0 0 0
3   1  4898.5  0.09497 0.  318.5  1.56250 0.  100  6 +6.980154e-01 +3.178232e+00 -1.641068e+01 +4.649165e+01 0.045 0.314 0 0 0 0 0  5 2.130e-05  1.860e-13  0 0 0
3   2  5011.8  0.09497 0.  324.8  1.56250 0.  100  6 +7.154749e-01 +2.022664e+00 -8.101651e+00 +3.353550e+01 0.045 0.314 0 0 0 0 0  5 1.980e-05  7.270e-15  0 0 0
3   3  4953.4  0.09497 0.  321.2  1.56250 0.  100  6 +6.320221e-01 +4.333661e+00 -2.334264e+01 +6.069110e+01 0.045 0.314 0 0 0 0 0  5 2.250e-05  9.900e-15  0 0 0
3   4  4965.0  0.09497 0.  322.1  1.56250 0.  100  6 +6.660451e-01 +3.428640e+00 -1.874368e+01 +5.765166e+01 0.045 0.314 0 0 0 0 0  5 1.960e-05  9.800e-15  0 0 0
3   5  4947.0  0.09497 0.  320.5  1.56250 0.  100  6 +7.145602e-01 +2.300514e+00 -9.529476e+00 +3.276709e+01 0.045 0.314 0 0 0 0 0  5 2.040e-05  2.000e-13  0 0 0
3   6  4877.5  0.09497 0.  317.2  1.56250 0.  100  6 +7.863158e-01 +1.855506e+00 -9.069527e+00 +3.124395e+01 0.045 0.314 0 0 0 0 0  5 2.250e-05  9.900e-15  0 0 0
3   7  4942.6  0.09497 0.  320.9  1.56250 0.  100  6 +7.096254e-01 +2.680424e+00 -1.443300e+01 +4.931870e+01 0.045 0.314 0 0 0 0 0  5 1.910e-05  9.800e-15  0 0 0
3   8  5050.3  0.09497 0.  327.0  1.56250 0.  100  6 +7.219213e-01 +2.534884e+00 -1.429841e+01 +5.101261e+01 0.045 0.314 0 0 0 0 0  5 1.890e-05  3.830e-14  0 0 0
3   9  4915.9  0.09497 0.  318.2  1.56250 0.  100  6 +8.171969e-01 +1.250639e+00 -7.092881e+00 +3.396675e+01 0.045 0.314 0 0 0 0 0  5 2.180e-05  1.070e-11  0 0 0
3  10  4944.7  0.09497 0.  319.9  1.56250 0.  100  6 +7.344031e-01 +2.627482e+00 -1.457836e+01 +4.722906e+01 0.045 0.314 0 0 0 0 0  5 1.910e-05  1.820e-11  0 0 0
3  11  4980.3  0.09497 0.  321.6  1.56250 0.  100  6 +6.501769e-01 +4.572746e+00 -2.686374e+01 +6.960207e+01 0.045 0.314 0 0 0 0 0  5 2.170e-05  2.630e-11  0 0 0
3  12  4955.7  0.09497 0.  319.7  1.56250 0.  100  6 +7.173620e-01 +3.532783e+00 -2.074118e+01 +5.602546e+01 0.045 0.314 0 0 0 0 0  5 2.300e-05  1.320e-12  0 0 0
3  13  4907.7  0.09497 0.  317.4  1.56250 0.  100  6 +8.163824e-01 +2.484983e+00 -1.701308e+01 +5.043741e+01 0.045 0.314 0 0 0 0 0  5 1.950e-05  1.690e-11  0 0 0
3  14  4954.6  0.09497 0.  318.9  1.56250 0.  100  6 +7.275661e-01 +4.081735e+00 -2.690206e+01 +7.138438e+01 0.045 0.314 0 0 0 0 0  5 2.000e-05  4.300e-11  0 0 0
3  15  4965.7  0.09497 0.  320.6  1.56250 0.  100  6 +7.584284e-01 +3.050414e+00 -1.780851e+01 +4.733351e+01 0.045 0.314 0 0 0 0 0  5 2.390e-05  4.170e-11  0 0 0
3  16  4888.6  0.09497 0.  316.8  1.56250 0.  100  6 +8.191557e-01 +2.105930e+00 -1.211452e+01 +3.429267e+01 0.045 0.314 0 0 0 0 0  5 2.130e-05  3.800e-10  0 0 0
3  17  4918.3  0.09497 0.  322.5  1.56250 0.  100  6 +8.175559e-01 +2.229069e+00 -1.322148e+01 +3.689358e+01 0.045 0.314 0 0 0 0 0  5 2.300e-05  1.460e-10  0 0 0
3  18  5016.9  0.09497 0.  328.0  1.56250 0.  100  6 +9.020455e-01 +9.189692e-01 -6.092420e+00 +2.316337e+01 0.045 0.314 0 0 0 0 0  5 2.290e-05  3.440e-11  0 0 0
3  19  4992.4  0.09497 0.  326.4  1.56250 0.  100  6 +8.197195e-01 +1.894698e+00 -1.104983e+01 +3.502069e+01 0.045 0.314 0 0 0 0 0  5 2.150e-05  4.260e-11  0 0 0
3  20  4939.3  0.09497 0.  323.4  1.56250 0.  100  6 +8.197011e-01 +1.997694e+00 -1.130312e+01 +3.309426e+01 0.045 0.314 0 0 0 0 0  5 2.120e-05  3.670e-11  0 0 0
3  21  4929.9  0.09497 0.  322.4  1.56250 0.  100  6 +8.619276e-01 +1.300627e+00 -7.947630e+00 +2.880968e+01 0.045 0.314 0 0 0 0 0  5 1.960e-05  2.090e-10  0 0 0
3  22  4962.7  0.09497 0.  323.7  1.56250 0.  100  6 +8.321132e-01 +2.169554e+00 -1.526747e+01 +4.783188e+01 0.045 0.314 0 0 0 0 0  5 2.160e-05  3.700e-11  0 0 0
3  23  5026.0  0.09497 0.  328.0  1.56250 0.  100  6 +7.837698e-01 +3.058560e+00 -1.922619e+01 +5.042227e+01 0.045 0.314 0 0 0 0 0  5 2.100e-05  7.100e-11  0 0 0
3  24  4944.0  0.09497 0.  323.0  1.56250 0.  100  6 +9.816161e-01 +3.860466e-01 -7.847613e+00 +3.574820e+01 0.045 0.314 0 0 0 0 0  5 2.110e-05  2.910e-10  0 0 0
4   1  0.0000  0.09497 0.  0.000  1.56250 0.  100  6 +1.000000e+00  0.000000e+00  0.000000e+00  0.000000e+00 0.045 0.314 0 0 0 0 0  5 1.000e+00  0.000e+00  0 0 0
4   2  0.0000  0.09497 0.  0.000  1.56250 0.  100  6 +1.000000e+00  0.000000e+00  0.000000e+00  0.000000e+00 0.045 0.314 0 0 0 0 0  5 1.000e+00  0.000e+00  0 0 0
4   3  0.0000  0.09497 0.  0.000  1.56250 0.  100  6 +1.000000e+00  0.000000e+00  0.000000e+00  0.000000e+00 0.045 0.314 0 0 0 0 0  5 1.000e+00  0.000e+00  0 0 0
4   4  0.0000  0.09497 0.  0.000  1.56250 0.  100  6 +1.000000e+00  0.000000e+00  0.000000e+00  0.000000e+00 0.045 0.314 0 0 0 0 0  5 1.000e+00  0.000e+00  0 0 0
4   5  0.0000  0.09497 0.  0.000  1.56250 0.  100  6 +1.000000e+00  0.000000e+00  0.000000e+00  0.000000e+00 0.045 0.314 0 0 0 0 0  5 1.000e+00  0.000e+00  0 0 0
4   6  0.0000  0.09497 0.  0.000  1.56250 0.  100  6 +1.000000e+00  0.000000e+00  0.000000e+00  0.000000e+00 0.045 0.314 0 0 0 0 0  5 1.000e+00  0.000e+00  0 0 0
4   7  0.0000  0.09497 0.  0.000  1.56250 0.  100  6 +1.000000e+00  0.000000e+00  0.000000e+00  0.000000e+00 0.045 0.314 0 0 0 0 0  5 1.000e+00  0.000e+00  0 0 0
4   8  0.0000  0.09497 0.  0.000  1.56250 0.  100  6 +1.000000e+00  0.000000e+00  0.000000e+00  0.000000e+00 0.045 0.314 0 0 0 0 0  5 1.000e+00  0.000e+00  0 0 0
4   9  0.0000  0.09497 0.  0.000  1.56250 0.  100  6 +1.000000e+00  0.000000e+00  0.000000e+00  0.000000e+00 0.045 0.314 0 0 0 0 0  5 1.000e+00  0.000e+00  0 0 0
4  10  0.0000  0.09497 0.  0.000  1.56250 0.  100  6 +1.000000e+00  0.000000e+00  0.000000e+00  0.000000e+00 0.045 0.314 0 0 0 0 0  5 1.000e+00  0.000e+00  0 0 0
4  11  0.0000  0.09497 0.  0.000  1.56250 0.  100  6 +1.000000e+00  0.000000e+00  0.000000e+00  0.000000e+00 0.045 0.314 0 0 0 0 0  5 1.000e+00  0.000e+00  0 0 0
4  12  0.0000  0.09497 0.  0.000  1.56250 0.  100  6 +1.000000e+00  0.000000e+00  0.000000e+00  0.000000e+00 0.045 0.314 0 0 0 0 0  5 1.000e+00  0.000e+00  0 0 0
4  13  0.0000  0.09497 0.  0.000  1.56250 0.  100  6 +1.000000e+00  0.000000e+00  0.000000e+00  0.000000e+00 0.045 0.314 0 0 0 0 0  5 1.000e+00  0.000e+00  0 0 0
4  14  0.0000  0.09497 0.  0.000  1.56250 0.  100  6 +1.000000e+00  0.000000e+00  0.000000e+00  0.000000e+00 0.045 0.314 0 0 0 0 0  5 1.000e+00  0.000e+00  0 0 0
4  15  0.0000  0.09497 0.  0.000  1.56250 0.  100  6 +1.000000e+00  0.000000e+00  0.000000e+00  0.000000e+00 0.045 0.314 0 0 0 0 0  5 1.000e+00  0.000e+00  0 0 0
4  16  0.0000  0.09497 0.  0.000  1.56250 0.  100  6 +1.000000e+00  0.000000e+00  0.000000e+00  0.000000e+00 0.045 0.314 0 0 0 0 0  5 1.000e+00  0.000e+00  0 0 0
4  17  0.0000  0.09497 0.  0.000  1.56250 0.  100  6 +1.000000e+00  0.000000e+00  0.000000e+00  0.000000e+00 0.045 0.314 0 0 0 0 0  5 1.000e+00  0.000e+00  0 0 0
4  18  0.0000  0.09497 0.  0.000  1.56250 0.  100  6 +1.000000e+00  0.000000e+00  0.000000e+00  0.000000e+00 0.045 0.314 0 0 0 0 0  5 1.000e+00  0.000e+00  0 0 0
4  19  0.0000  0.09497 0.  0.000  1.56250 0.  100  6 +1.000000e+00  0.000000e+00  0.000000e+00  0.000000e+00 0.045 0.314 0 0 0 0 0  5 1.000e+00  0.000e+00  0 0 0
4  20  0.0000  0.09497 0.  0.000  1.56250 0.  100  6 +1.000000e+00  0.000000e+00  0.000000e+00  0.000000e+00 0.045 0.314 0 0 0 0 0  5 1.000e+00  0.000e+00  0 0 0
4  21  0.0000  0.09497 0.  0.000  1.56250 0.  100  6 +1.000000e+00  0.000000e+00  0.000000e+00  0.000000e+00 0.045 0.314 0 0 0 0 0  5 1.000e+00  0.000e+00  0 0 0
4  22  0.0000  0.09497 0.  0.000  1.56250 0.  100  6 +1.000000e+00  0.000000e+00  0.000000e+00  0.000000e+00 0.045 0.314 0 0 0 0 0  5 1.000e+00  0.000e+00  0 0 0
4  23  0.0000  0.09497 0.  0.000  1.56250 0.  100  6 +1.000000e+00  0.000000e+00  0.000000e+00  0.000000e+00 0.045 0.314 0 0 0 0 0  5 1.000e+00  0.000e+00  0 0 0
4  24  0.0000  0.09497 0.  0.000  1.56250 0.  100  6 +1.000000e+00  0.000000e+00  0.000000e+00  0.000000e+00 0.045 0.314 0 0 0 0 0  5 1.000e+00  0.000e+00  0 0 0
5   1  0.0000  0.09497 0.  0.000  1.56250 0.  100  6 +1.000000e+00  0.000000e+00  0.000000e+00  0.000000e+00 0.045 0.314 0 0 0 0 0  5 1.000e+00  0.000e+00  0 0 0
5   2  0.0000  0.09497 0.  0.000  1.56250 0.  100  6 +1.000000e+00  0.000000e+00  0.000000e+00  0.000000e+00 0.045 0.314 0 0 0 0 0  5 1.000e+00  0.000e+00  0 0 0
5   3  0.0000  0.09497 0.  0.000  1.56250 0.  100  6 +1.000000e+00  0.000000e+00  0.000000e+00  0.000000e+00 0.045 0.314 0 0 0 0 0  5 1.000e+00  0.000e+00  0 0 0
5   4  0.0000  0.09497 0.  0.000  1.56250 0.  100  6 +1.000000e+00  0.000000e+00  0.000000e+00  0.000000e+00 0.045 0.314 0 0 0 0 0  5 1.000e+00  0.000e+00  0 0 0
5   5  0.0000  0.09497 0.  0.000  1.56250 0.  100  6 +1.000000e+00  0.000000e+00  0.000000e+00  0.000000e+00 0.045 0.314 0 0 0 0 0  5 1.000e+00  0.000e+00  0 0 0
5   6  0.0000  0.09497 0.  0.000  1.56250 0.  100  6 +1.000000e+00  0.000000e+00  0.000000e+00  0.000000e+00 0.045 0.314 0 0 0 0 0  5 1.000e+00  0.000e+00  0 0 0
5   7  0.0000  0.09497 0.  0.000  1.56250 0.  100  6 +1.000000e+00  0.000000e+00  0.000000e+00  0.000000e+00 0.045 0.314 0 0 0 0 0  5 1.000e+00  0.000e+00  0 0 0
5   8  0.0000  0.09497 0.  0.000  1.56250 0.  100  6 +1.000000e+00  0.000000e+00  0.000000e+00  0.000000e+00 0.045 0.314 0 0 0 0 0  5 1.000e+00  0.000e+00  0 0 0
5   9  0.0000  0.09497 0.  0.000  1.56250 0.  100  6 +1.000000e+00  0.000000e+00  0.000000e+00  0.000000e+00 0.045 0.314 0 0 0 0 0  5 1.000e+00  0.000e+00  0 0 0
5  10  0.0000  0.09497 0.  0.000  1.56250 0.  100  6 +1.000000e+00  0.000000e+00  0.000000e+00  0.000000e+00 0.045 0.314 0 0 0 0 0  5 1.000e+00  0.000e+00  0 0 0
5  11  0.0000  0.09497 0.  0.000  1.56250 0.  100  6 +1.000000e+00  0.000000e+00  0.000000e+00  0.000000e+00 0.045 0.314 0 0 0 0 0  5 1.000e+00  0.000e+00  0 0 0
5  12  0.0000  0.09497 0.  0.000  1.56250 0.  100  6 +1.000000e+00  0.000000e+00  0.000000e+00  0.000000e+00 0.045 0.314 0 0 0 0 0  5 1.000e+00  0.000e+00  0 0 0
5  13  0.0000  0.09497 0.  0.000  1.56250 0.  100  6 +1.000000e+00  0.000000e+00  0.000000e+00  0.000000e+00 0.045 0.314 0 0 0 0 0  5 1.000e+00  0.000e+00  0 0 0
5  14  0.0000  0.09497 0.  0.000  1.56250 0.  100  6 +1.000000e+00  0.000000e+00  0.000000e+00  0.000000e+00 0.045 0.314 0 0 0 0 0  5 1.000e+00  0.000e+00  0 0 0
5  15  0.0000  0.09497 0.  0.000  1.56250 0.  100  6 +1.000000e+00  0.000000e+00  0.000000e+00  0.000000e+00 0.045 0.314 0 0 0 0 0  5 1.000e+00  0.000e+00  0 0 0
5  16  0.0000  0.09497 0.  0.000  1.56250 0.  100  6 +1.000000e+00  0.000000e+00  0.000000e+00  0.000000e+00 0.045 0.314 0 0 0 0 0  5 1.000e+00  0.000e+00  0 0 0
5  17  0.0000  0.09497 0.  0.000  1.56250 0.  100  6 +1.000000e+00  0.000000e+00  0.000000e+00  0.000000e+00 0.045 0.314 0 0 0 0 0  5 1.000e+00  0.000e+00  0 0 0
5  18  0.0000  0.09497 0.  0.000  1.56250 0.  100  6 +1.000000e+00  0.000000e+00  0.000000e+00  0.000000e+00 0.045 0.314 0 0 0 0 0  5 1.000e+00  0.000e+00  0 0 0
5  19  0.0000  0.09497 0.  0.000  1.56250 0.  100  6 +1.000000e+00  0.000000e+00  0.000000e+00  0.000000e+00 0.045 0.314 0 0 0 0 0  5 1.000e+00  0.000e+00  0 0 0
5  20  0.0000  0.09497 0.  0.000  1.56250 0.  100  6 +1.000000e+00  0.000000e+00  0.000000e+00  0.000000e+00 0.045 0.314 0 0 0 0 0  5 1.000e+00  0.000e+00  0 0 0
5  21  0.0000  0.09497 0.  0.000  1.56250 0.  100  6 +1.000000e+00  0.000000e+00  0.000000e+00  0.000000e+00 0.045 0.314 0 0 0 0 0  5 1.000e+00  0.000e+00  0 0 0
5  22  0.0000  0.09497 0.  0.000  1.56250 0.  100  6 +1.000000e+00  0.000000e+00  0.000000e+00  0.000000e+00 0.045 0.314 0 0 0 0 0  5 1.000e+00  0.000e+00  0 0 0
5  23  0.0000  0.09497 0.  0.000  1.56250 0.  100  6 +1.000000e+00  0.000000e+00  0.000000e+00  0.000000e+00 0.045 0.314 0 0 0 0 0  5 1.000e+00  0.000e+00  0 0 0
5  24  0.0000  0.09497 0.  0.000  1.56250 0.  100  6 +1.000000e+00  0.000000e+00  0.000000e+00  0.000000e+00 0.045 0.314 0 0 0 0 0  5 1.000e+00  0.000e+00  0 0 0
