0 0
1     1    5282.7  0.09497 0.   353.5  1.56250 0.  100  6 +1.287454e+00 -4.606645e+00 +2.577910e+01 -5.054355e+01 0.045 0.314 0 0 0 0 0 6 3.830e-07  4.980e-04  0 0 0 
1     2    5281.0  0.09497 0.   353.7  1.56250 0.  100  6 +1.157208e+00 -1.936352e+00 +1.011710e+01 -2.396941e+01 0.045 0.314 0 0 0 0 0 6 3.650e-07  6.600e-04  0 0 0 
1     3    5296.4  0.09497 0.   354.0  1.56250 0.  100  6 +1.119411e+00 +1.233788e-01 -6.210599e+00 +9.073619e+00 0.045 0.314 0 0 0 0 0 6 4.400e-07  4.000e-04  0 0 0 
1     4    5293.9  0.09497 0.   353.6  1.56250 0.  100  6 +1.269127e+00 -3.152210e+00 +1.394402e+01 -2.703266e+01 0.045 0.314 0 0 0 0 0 6 3.780e-07  5.200e-04  0 0 0 
1     5    5292.6  0.09497 0.   353.2  1.56250 0.  100  6 +1.208526e+00 -2.482723e+00 +1.222222e+01 -2.774709e+01 0.045 0.314 0 0 0 0 0 6 6.800e-07  6.500e-04  0 0 0 
1     6    5284.2  0.09497 0.   352.6  1.56250 0.  100  6 +9.774571e-01 -6.034033e-01 +1.041361e+01 -3.561691e+01 0.045 0.314 0 0 0 0 0 6 4.070e-07  4.200e-04  0 0 0 
1     7    5305.1  0.09497 0.   352.9  1.56250 0.  100  6 +1.364082e+00 -4.522162e+00 +2.067232e+01 -3.847032e+01 0.045 0.314 0 0 0 0 0 6 4.890e-07  6.200e-04  0 0 0 
1     8    5294.0  0.09497 0.   353.4  1.56250 0.  100  6 +1.192869e+00 -1.680218e+00 +6.048834e+00 -1.577588e+01 0.045 0.314 0 0 0 0 0 6 4.740e-07  5.200e-04  0 0 0 
1     9    5304.9  0.09497 0.   353.1  1.56250 0.  100  6 +1.345507e+00 -2.895576e+00 +6.507416e+00 -7.215295e+00 0.045 0.314 0 0 0 0 0 6 4.470e-07  5.300e-04  0 0 0 
1     10   5302.9  0.09497 0.   352.9  1.56250 0.  100  6 +1.191870e+00 -2.261134e+00 +1.151880e+01 -2.785825e+01 0.045 0.314 0 0 0 0 0 6 4.270e-07  4.470e-04  0 0 0 
1     11   5300.6  0.09497 0.   352.5  1.56250 0.  100  6 +1.283067e+00 -4.613839e+00 +2.491561e+01 -4.453481e+01 0.045 0.314 0 0 0 0 0 6 5.600e-07  7.300e-04  0 0 0 
1     12   5330.8  0.09497 0.   352.5  1.56250 0.  100  6 +1.278537e+00 -3.054934e+00 +1.239603e+01 -2.312680e+01 0.045 0.314 0 0 0 0 0 6 7.100e-07  5.300e-04  0 0 0 
1     13   5302.1  0.09497 0.   352.4  1.56250 0.  100  6 +1.221083e+00 -7.385698e+00 +5.462349e+01 -1.120952e+02 0.045 0.314 0 0 0 0 0 6 3.700e-07  5.810e-04  0 0 0 
1     14   5285.9  0.09497 0.   352.1  1.56250 0.  100  6 +1.293318e+00 -7.376966e+00 +5.073950e+01 -1.037148e+02 0.045 0.314 0 0 0 0 0 6 5.980e-07  8.500e-04  0 0 0 
1     15   5285.9  0.09497 0.   351.5  1.56250 0.  100  6 +1.267616e+00 -2.734901e+00 +9.460015e+00 -1.475665e+01 0.045 0.314 0 0 0 0 0 6 4.990e-07  6.000e-04  0 0 0 
1     16   5283.9  0.09497 0.   351.9  1.56250 0.  100  6 +1.315296e+00 -4.595497e+00 +2.444805e+01 -4.852014e+01 0.045 0.314 0 0 0 0 0 6 4.100e-07  5.700e-04  0 0 0 
1     17   5279.6  0.09497 0.   354.1  1.56250 0.  100  6 +9.780766e-01 +2.178403e+00 -1.707860e+01 +3.046402e+01 0.045 0.314 0 0 0 0 0 6 5.520e-07  5.200e-04  0 0 0 
1     18   5263.1  0.09497 0.   353.6  1.56250 0.  100  6 +1.105269e+00 -2.326855e+00 +1.706862e+01 -4.121005e+01 0.045 0.314 0 0 0 0 0 6 5.000e-07  5.700e-04  0 0 0 
1     19   5286.3  0.09497 0.   354.0  1.56250 0.  100  6 +6.899117e-01 +5.681516e+00 -2.906135e+01 +3.832093e+01 0.045 0.314 0 0 0 0 0 6 5.300e-07  5.700e-04  0 0 0 
1     20   5260.0  0.09497 0.   353.3  1.56250 0.  100  6 +1.104257e+00 -1.209432e+00 +7.016793e+00 -2.010977e+01 0.045 0.314 0 0 0 0 0 6 4.300e-07  6.100e-04  0 0 0 
1     21   5285.3  0.09497 0.   353.6  1.56250 0.  100  6 +1.207724e+00 -1.742955e+00 +5.832815e+00 -1.527267e+01 0.045 0.314 0 0 0 0 0 6 4.710e-07  6.200e-04  0 0 0 
1     22   5284.8  0.09497 0.   353.3  1.56250 0.  100  6 +1.214076e+00 -3.356727e+00 +2.000141e+01 -4.467050e+01 0.045 0.314 0 0 0 0 0 6 5.040e-07  6.100e-04  0 0 0 
1     23   5285.0  0.09497 0.   353.4  1.56250 0.  100  6 +1.166452e+00 -4.625788e+00 +3.342523e+01 -7.096500e+01 0.045 0.314 0 0 0 0 0 6 5.400e-07  7.700e-04  0 0 0 
1     24   5288.1  0.09497 0.   353.7  1.56250 0.  100  6 +1.122039e+00 -5.124628e+00 +4.084378e+01 -8.874045e+01 0.045 0.314 0 0 0 0 0 6 5.180e-07  8.400e-04  0 0 0 
2     1    5275.8  0.09497 0.   352.6  1.56250 0.  100  6 +1.263282e+00 -2.587598e+00 +1.004586e+01 -2.213368e+01 0.045 0.314 0 0 0 0 0 6 5.590e-07  8.000e-04  0 0 0
2     2    5259.6  0.09497 0.   352.3  1.56250 0.  100  6 +1.244955e+00 -2.312569e+00 +8.533681e+00 -1.905110e+01 0.045 0.314 0 0 0 0 0 6 5.120e-07  8.700e-04  0 0 0
2     3    5273.8  0.09497 0.   352.0  1.56250 0.  100  6 +1.242476e+00 -1.622323e+00 +3.310100e+00 -1.131531e+01 0.045 0.314 0 0 0 0 0 6 7.560e-07  7.400e-04  0 0 0
2     4    5267.9  0.09497 0.   350.9  1.56250 0.  100  6 +1.245521e+00 -2.725213e+00 +1.189943e+01 -2.489544e+01 0.045 0.314 0 0 0 0 0 6 4.630e-07  7.900e-04  0 0 0
2     5    5267.6  0.09497 0.   350.8  1.56250 0.  100  6 +1.097513e+00 +9.706310e-01 -1.215587e+01 +1.944269e+01 0.045 0.314 0 0 0 0 0 6 5.000e-07  6.300e-04  0 0 0
2     6    5267.4  0.09497 0.   351.6  1.56250 0.  100  6 +1.525855e+00 -5.801870e+00 +2.328394e+01 -4.185146e+01 0.045 0.314 0 0 0 0 0 6 6.300e-07  8.100e-04  0 0 0
2     7    5283.1  0.09497 0.   351.3  1.56250 0.  100  6 +1.258431e+00 -2.895321e+00 +1.320719e+01 -2.923239e+01 0.045 0.314 0 0 0 0 0 6 7.700e-07  8.100e-04  0 0 0
2     8    5276.9  0.09497 0.   350.9  1.56250 0.  100  6 +1.354148e+00 -3.952203e+00 +1.664544e+01 -3.224029e+01 0.045 0.314 0 0 0 0 0 6 5.700e-07  8.500e-04  0 0 0
2     9    5290.6  0.09497 0.   353.5  1.56250 0.  100  6 +1.493981e+00 -8.657683e+00 +5.098105e+01 -1.007982e+02 0.045 0.314 0 0 0 0 0 6 6.100e-07  9.400e-04  0 0 0
2     10   5275.0  0.09497 0.   353.4  1.56250 0.  100  6 +1.188127e+00 -1.344627e+00 +3.705364e+00 -1.247359e+01 0.045 0.314 0 0 0 0 0 6 5.660e-07  5.910e-04  0 0 0
2     11   5301.0  0.09497 0.   354.1  1.56250 0.  100  6 +1.245034e+00 -1.811437e+00 +4.002707e+00 -9.556607e+00 0.045 0.314 0 0 0 0 0 6 4.190e-07  6.800e-04  0 0 0
2     12   5287.5  0.09497 0.   353.1  1.56250 0.  100  6 +1.020147e+00 +2.176425e+00 -1.805958e+01 +2.823648e+01 0.045 0.314 0 0 0 0 0 6 5.400e-07  7.000e-04  0 0 0
2     13   5288.5  0.09497 0.   352.5  1.56250 0.  100  6 +1.358185e+00 -3.495120e+00 +1.228199e+01 -2.300401e+01 0.045 0.314 0 0 0 0 0 6 4.800e-07  6.000e-04  0 0 0
2     14   5295.3  0.09497 0.   353.3  1.56250 0.  100  6 +1.386217e+00 -3.422985e+00 +9.858170e+00 -1.675704e+01 0.045 0.314 0 0 0 0 0 6 4.310e-07  6.900e-04  0 0 0
2     15   5289.3  0.09497 0.   352.6  1.56250 0.  100  6 +1.282331e+00 -2.719093e+00 +9.559127e+00 -1.861115e+01 0.045 0.314 0 0 0 0 0 6 4.700e-07  6.000e-04  0 0 0
2     16   5285.8  0.09497 0.   353.4  1.56250 0.  100  6 +1.156592e+00 -1.076845e+00 +2.951548e+00 -1.101389e+01 0.045 0.314 0 0 0 0 0 6 3.450e-07  5.200e-04  0 0 0
2     17   5290.8  0.09497 0.   353.1  1.56250 0.  100  6 +1.372898e+00 -4.470200e+00 +2.016852e+01 -3.894781e+01 0.045 0.314 0 0 0 0 0 6 5.680e-07  6.290e-04  0 0 0
2     18   5280.6  0.09497 0.   352.9  1.56250 0.  100  6 +1.287022e+00 -2.109779e+00 +4.436297e+00 -1.014444e+01 0.045 0.314 0 0 0 0 0 6 5.400e-07  5.600e-04  0 0 0
2     19   5291.5  0.09497 0.   352.3  1.56250 0.  100  6 +1.315609e+00 -3.871831e+00 +1.763470e+01 -3.329786e+01 0.045 0.314 0 0 0 0 0 6 6.300e-07  8.700e-04  0 0 0
2     20   5303.5  0.09497 0.   352.9  1.56250 0.  100  6 +1.452449e+00 -4.708942e+00 +1.786338e+01 -3.286565e+01 0.045 0.314 0 0 0 0 0 6 4.600e-07  6.460e-04  0 0 0
2     21   5291.4  0.09497 0.   351.8  1.56250 0.  100  6 +1.300194e+00 -2.569620e+00 +8.180031e+00 -1.897633e+01 0.045 0.314 0 0 0 0 0 6 4.720e-07  6.610e-04  0 0 0
2     22   5290.6  0.09497 0.   351.6  1.56250 0.  100  6 +1.331834e+00 -3.496602e+00 +1.400563e+01 -2.787475e+01 0.045 0.314 0 0 0 0 0 6 4.400e-07  7.710e-04  0 0 0
2     23   5295.3  0.09497 0.   351.3  1.56250 0.  100  6 +1.324453e+00 -3.807956e+00 +1.737136e+01 -3.554945e+01 0.045 0.314 0 0 0 0 0 6 5.600e-07  6.800e-04  0 0 0
2     24   5294.4  0.09497 0.   351.6  1.56250 0.  100  6 +1.381662e+00 -3.119657e+00 +8.317258e+00 -1.702919e+01 0.045 0.314 0 0 0 0 0 6 6.570e-07  6.900e-04  0 0 0
